time;Lat;Lon;length;width;min_zeta_850;min_hgt_850;max_wind_850
2004-03-21-0100;-27.13474025974026;-42.28896103896105;9.935064935064936;10.884740259740255;-0.00042948264386457214;0.0;26.836143493652344
2004-03-21-0200;-28.08441558441558;-42.36201298701299;10.519480519480524;10.300324675324674;-0.00043007478240955296;0.0;26.535625457763672
2004-03-21-0300;-26.915584415584416;-42.471590909090914;9.058441558441565;10.081168831168824;-0.0005201645015767367;0.0;34.53341293334961
2004-03-21-0400;-27.901785714285715;-41.558441558441565;9.277597402597408;10.73863636363636;-0.0007022088112543302;0.0;28.453487396240234
2004-03-21-0500;-27.60957792207792;-42.106331168831176;11.469155844155843;12.272727272727266;-0.00047602570668730246;0.0;27.10328483581543
2004-03-21-0600;-28.37662337662337;-41.70454545454546;12.272727272727266;11.176948051948045;-0.0004113766663722405;0.0;32.07619857788086
2004-03-21-0700;-28.59577922077922;-42.25243506493507;12.56493506493507;12.272727272727266;-0.0004892191581016066;0.0;26.229398727416992
2004-03-21-0800;-28.49256062908247;-39.80316598541428;12.904463622550509;15.13201984310983;-0.000491673732956867;0.0;30.815174102783203
2004-03-21-0900;-28.14700658382519;-40.87839491494648;13.134839627999611;16.514564444560932;-0.0005622386218454894;0.0;30.252222061157227
2004-03-21-1000;-28.85146103896104;-40.46266233766234;12.637987012987015;14.975649350649348;-0.0005170950090006613;0.0;28.58769416809082
2004-03-21-1100;-29.180194805194805;-40.79139610389611;12.564935064935064;13.879870129870127;-0.00040997383493574245;0.0;26.936687469482422
2004-03-21-1200;-28.69649507388575;-40.36229260640788;14.662952940136293;14.279106004530632;-0.00048013651686901453;0.0;26.974498748779297
2004-03-21-1300;-28.24562592527481;-39.979526110045306;14.912892475253301;17.142139288564366;-0.00047239039227487713;0.0;25.63648223876953
2004-03-21-1400;-28.38471237129048;-40.13854491747243;14.512573221407102;16.125081357119;-0.0004697285076049988;0.0;29.107027053833008
2004-03-21-1500;-29.86806461552947;-39.92896500859264;12.90902726943149;15.060531814336741;-0.0004059586184738968;0.0;29.68887710571289
2004-03-21-1600;-30.42207792207792;-39.95129870129871;12.272727272727273;13.076298701298697;-0.00042805566125570047;0.0;27.859651565551758
2004-03-21-1700;-29.399350649350644;-39.43993506493507;13.587662337662337;16.14448051948051;-0.0005200027487488319;0.0;30.27663230895996
2004-03-21-1800;-29.58198051948052;-39.659090909090914;15.121753246753237;15.998376623376615;-0.0004640402436375826;0.0;28.60394287109375
2004-03-21-1900;-29.72808441558442;-39.54951298701299;15.56006493506493;17.532467532467535;-0.000350599909317064;0.0;28.881574630737305
2004-03-21-2000;-29.874188311688307;-38.19805194805196;14.829545454545453;16.875;-0.0004860010988959533;0.0;28.932287216186523
2004-03-21-2100;-30.709029023441364;-38.36003302928341;15.678717447083507;17.13899015048834;-0.00044273233196801757;0.0;30.064565658569336
2004-03-21-2200;-28.92451298701299;-40.53571428571429;12.199675324675326;12.491883116883116;-0.0003358404577636208;0.0;29.09889793395996
2004-03-21-2300;-29.859379642882477;-39.99993356050649;8.670057525159159;10.97184270882974;-0.00029606800549345153;0.0;28.987499237060547
2004-03-22-0000;-29.034090909090907;-39.33035714285715;10.811688311688314;13.295454545454533;-0.0003302679788864114;0.0;26.5233154296875
2004-03-22-0100;-29.58198051948052;-38.81899350649351;10.592532467532472;14.610389610389603;-0.00032375661625834846;0.0;26.526752471923828
2004-03-22-0200;-29.874188311688307;-39.03814935064936;9.423701298701303;14.902597402597394;-0.0004212018113972678;0.0;26.483484268188477
2004-03-22-0300;-30.385551948051948;-37.97889610389611;8.547077922077918;15.267857142857139;-0.0005033856871577559;0.0;26.66115379333496
2004-03-22-0400;-29.67228852669565;-38.16401209734776;8.825235398351488;14.81104723375509;-0.0003849820195235067;0.0;27.009733200073242
2004-03-22-0500;-30.385551948051944;-37.83279220779222;9.715909090909086;12.784090909090892;-0.00045590050561543713;0.0;26.61243438720703
2004-03-22-0600;-30.13320683505834;-38.80301480090964;8.591045692947745;14.113860781271285;-0.0005571205611664696;0.0;27.08897590637207
2004-03-22-0700;-29.90298787169392;-38.128131697743896;8.838074167323903;14.371477124257126;-0.0007848445623439416;0.0;29.08758544921875
2004-03-22-0800;-29.983766233766232;-37.90584415584416;8.620129870129873;16.144480519480524;-0.00046963048105890784;0.0;29.237567901611328
2004-03-22-0900;-28.96010265108993;-37.68205472365723;10.596736620983897;14.896861626600554;-0.00040301030375803953;0.0;31.049015045166016
2004-03-22-1000;-30.36272723859045;-35.901216910352304;8.531261356228804;16.063365977043418;-0.0005116676846305081;0.0;30.026723861694336
2004-03-22-1100;-29.58198051948052;-37.17532467532468;9.423701298701296;16.875;-0.0004740041904370227;0.0;27.781246185302734
2004-03-22-1200;-29.61850649350649;-37.17532467532468;10.957792207792203;15.706168831168824;-0.0004716350589660805;0.0;30.388132095336914
2004-03-22-1300;-29.50892857142857;-36.66396103896105;9.862012987012989;16.58279220779221;-0.0003855038472723643;0.0;27.969181060791016
2004-03-22-1400;-29.837662337662334;-35.86038961038962;10.227272727272727;16.4366883116883;-0.0005778386451909516;0.0;26.247285842895508
2004-03-22-1500;-30.531655844155843;-35.7508116883117;8.985389610389618;15.048701298701303;-0.00033728235318948325;0.0;25.214183807373047
2004-03-22-1600;-29.837662337662337;-36.15259740259741;9.496753246753244;14.245129870129858;-0.00034818176369287785;0.0;26.12896156311035
2004-03-22-1700;-30.787337662337663;-34.691558441558456;10.081168831168839;13.660714285714278;-0.00036580801825077325;0.0;25.155424118041992
2004-03-22-1800;-30.568181818181817;-34.14366883116884;10.081168831168831;15.048701298701303;-0.00041303541293165937;0.0;24.83890151977539
2004-03-22-1900;-30.62369948731331;-35.592064241508965;10.359606214703774;14.580186524397902;-0.00047959053263140383;0.0;22.409645080566406
2004-03-22-2000;-30.34902597402597;-35.05681818181819;9.788961038961034;13.222402597402606;-0.0004308802211687567;0.0;21.85956573486328
2004-03-22-2100;-30.63396078543932;-34.937617956845;11.220006846531192;13.832885153257621;-0.00033219402168803154;0.0;20.857986450195312
2004-03-22-2200;-29.1801948051948;-36.07954545454546;10.95779220779221;14.683441558441558;-0.0003017916718068193;0.0;22.993968963623047
2004-03-22-2300;-28.74188311688312;-35.969967532467535;12.126623376623378;14.610389610389607;-0.0004739901328863059;0.0;25.116010665893555
2004-03-23-0000;-30.02029220779221;-35.20292207792208;12.199675324675326;14.245129870129858;-0.00042919832273168;0.0;27.077396392822266
2004-03-23-0100;-29.69155844155844;-35.42207792207793;12.272727272727273;16.14448051948051;-0.00040193987531236895;0.0;25.99655532836914
2004-03-23-0200;-29.98376623376623;-35.75081168831169;12.126623376623378;16.65584415584415;-0.0003578007731105237;0.0;24.46516227722168
2004-03-23-0300;-29.50892857142857;-35.78733766233767;11.907467532467535;16.436688311688314;-0.0003920415005330301;0.0;27.943958282470703
2004-03-23-0400;-29.253246753246763;-36.40827922077923;12.418831168831165;13.733766233766232;-0.0004518420699237265;0.0;28.37529754638672
2004-03-23-0500;-29.36282467532467;-35.933441558441565;11.761363636363633;13.222402597402592;-0.0004231654288996973;0.0;27.44618034362793
2004-03-23-0600;-28.632305194805195;-37.06574675324676;12.784090909090914;14.025974025974008;-0.00038377984171095376;0.0;28.177757263183594
2004-03-23-0700;-29.070616883116884;-36.15259740259741;14.245129870129858;16.14448051948051;-0.000416031236520438;0.0;27.383380889892578
2004-03-23-0800;-29.435876623376622;-36.992694805194816;13.952922077922079;16.071428571428555;-0.00041364583988934885;0.0;26.35171127319336
2004-03-23-0900;-28.88798701298701;-36.737012987013;14.172077922077918;15.121753246753244;-0.000453363465893302;0.0;26.87748146057129
2004-03-23-1000;-28.67433068813245;-35.957731102022194;13.125519399045118;15.325327119555482;-0.00045406596032842027;0.0;24.026203155517578
2004-03-23-1100;-28.88798701298701;-37.17532467532469;11.83441558441558;13.660714285714278;-0.0004305932651029305;0.0;23.73348617553711
2004-03-23-1200;-28.09130527615737;-37.24198468288664;11.5874357383546;14.963907079332103;-0.0003573236251423099;0.0;24.48492431640625
2004-03-23-1300;-29.3262987012987;-37.06574675324676;12.272727272727273;13.441558441558442;-0.0003989406786957562;0.0;27.49342918395996
2004-03-23-1400;-29.06395919435526;-37.31288993176773;13.445163820138823;13.214675297507881;-0.0003722444617761648;0.0;29.716461181640625
2004-03-23-1500;-28.62327060321488;-37.55564040734599;11.743768752991464;12.51133533815431;-0.00041706117420782973;0.0;26.37747573852539
2004-03-23-1600;-28.40326047840636;-36.70771168595655;14.141637266808644;13.219356575495041;-0.0005390412993734131;0.0;26.387327194213867
2004-03-23-1700;-28.29173049520122;-37.8557440548303;12.98653998694158;15.36868637507878;-0.0004708341272955503;0.0;26.42739486694336
2004-03-23-1800;-28.44967532467533;-36.95616883116884;12.857142857142854;13.952922077922068;-0.0004134961241487769;0.0;25.661083221435547
2004-03-23-1900;-28.96103896103896;-37.83279220779221;11.25;13.952922077922082;-0.0003440302993730675;0.0;23.22951889038086
2004-03-23-2000;-28.668831168831165;-37.13879870129871;9.788961038961041;12.56493506493507;-0.0003724781948688707;0.0;22.74566078186035
2004-03-23-2100;-28.90744412829855;-37.3443289454487;10.39003956984648;12.725784899501875;-0.00044743376050598453;0.0;22.582185745239258
2004-03-23-2200;-29.394439729441157;-36.9368776721272;12.355661838212178;12.048688873287674;-0.00039057427016437517;0.0;21.639394760131836
2004-03-23-2300;-29.513356700972253;-37.23879539758371;10.74206015679357;12.199911178072696;-0.00040904823765895574;0.0;21.073335647583008
2004-03-24-0000;-28.824836234283676;-37.73486123661759;11.508241177019734;12.122014039794124;-0.00036191554140705263;0.0;21.905847549438477
2004-03-24-0100;-29.564673698849983;-37.42635898312239;12.59922373454362;12.983346409377262;-0.0004859586995039802;0.0;23.243019104003906
2004-03-24-0200;-28.77278677148972;-37.944685769178086;11.899522786325832;12.206607245327788;-0.000593752106497148;0.0;21.425172805786133
2004-03-24-0300;-28.462380197607303;-39.17752415297407;12.515622202459923;12.20849036927072;-0.0006519153479048952;0.0;23.926671981811523
2004-03-24-0400;-28.942642638384985;-38.6901699571731;9.895807284693397;10.96977086597795;-0.0005727710305885132;0.0;24.01653289794922
2004-03-24-0500;-28.559253246753247;-39.36688311688312;11.030844155844157;10.592532467532465;-0.0005656050624970964;0.0;21.89051055908203
2004-03-24-0600;-28.66883116883117;-38.05194805194806;11.54220779220779;10.73863636363636;-0.0005107778779850196;0.0;21.4932918548584
2004-03-24-0700;-28.522727272727277;-39.1112012987013;10.519480519480517;11.10389610389609;-0.0005674951396176462;0.0;22.05455780029297
2004-03-24-0800;-28.88798701298701;-38.89204545454546;11.25;11.54220779220779;-0.000536119585182197;0.0;21.975465774536133
2004-03-24-0900;-29.107142857142847;-39.1112012987013;10.95779220779221;12.272727272727266;-0.0005154535346582279;0.0;21.46075439453125
2004-03-24-1000;-29.107142857142858;-38.745941558441565;11.542207792207797;12.857142857142847;-0.00037933331313610324;0.0;22.13468360900879
2004-03-24-1100;-28.44967532467532;-39.76866883116884;11.688311688311686;12.272727272727266;-0.0004657179133208017;0.0;22.703725814819336
2004-03-24-1200;-28.303571428571423;-39.76866883116884;13.587662337662337;12.857142857142861;-0.0005034378377533276;0.0;24.36818504333496
2004-03-24-1300;-28.08441558441558;-39.69561688311689;12.857142857142861;13.003246753246756;-0.00043482363080796243;0.0;23.27040672302246
2004-03-24-1400;-27.90178571428571;-40.06087662337663;12.930194805194809;12.711038961038952;-0.0004811044779890203;0.0;22.490089416503906
2004-03-24-1500;-28.314047333720648;-39.86136491038112;11.13084296145312;14.66200693543135;-0.0004259368815134378;0.0;24.68959617614746
2004-03-24-1600;-27.64610389610389;-40.28003246753248;13.73376623376624;15.048701298701303;-0.0005015947062837603;0.0;23.949817657470703
2004-03-24-1700;-27.53652597402597;-40.68181818181819;13.514610389610382;13.076298701298697;-0.0005526396613359814;0.0;25.75611114501953
2004-03-24-1800;-27.828733766233764;-40.64529220779222;10.884740259740262;12.272727272727266;-0.0005232370002450928;0.0;24.397340774536133
2004-03-24-1900;-28.13954318881665;-38.73747222278584;13.139325535017058;14.52241243343991;-0.0004932445677696286;0.0;26.11144256591797
2004-03-24-2000;-27.93852756458577;-40.770958075134295;13.582193464585458;12.047482338643604;-0.0005219880464707086;0.0;25.40725326538086
2004-03-24-2100;-28.70535714285714;-40.2435064935065;12.199675324675326;11.469155844155836;-0.00047947286901586734;0.0;27.595523834228516
2004-03-24-2200;-27.94173720170564;-39.34708007077424;13.887115013882713;13.350044267489451;-0.0005999664638145833;0.0;30.95944595336914
2004-03-24-2300;-28.37662337662337;-39.73214285714286;11.6883116883117;12.637987012986997;-0.0005563953951181743;0.0;29.106359481811523
2004-03-25-0000;-28.15746753246753;-40.35308441558442;11.980519480519476;12.272727272727266;-0.0005771640057919061;0.0;29.648122787475586
