time;Lat;Lon;length;width;min_zeta_850;min_hgt_850;max_wind_850
2004-03-21-0100;-27.13474025974026;-42.28896103896105;9.935064935064936;10.884740259740255;-0.0003978842004398396;0.0;26.24094009399414
2004-03-21-0200;-28.08441558441558;-42.36201298701299;10.519480519480524;10.300324675324674;-0.0003767732485619869;0.0;25.257474899291992
2004-03-21-0300;-26.915584415584416;-42.471590909090914;9.058441558441565;10.081168831168824;-0.000555483815213326;0.0;27.487855911254883
2004-03-21-0400;-27.901785714285715;-41.558441558441565;9.277597402597408;10.73863636363636;-0.0007112437355491449;0.0;27.72831916809082
2004-03-21-0500;-27.60957792207792;-42.106331168831176;11.469155844155843;12.272727272727266;-0.0004655103937327421;0.0;24.774003982543945
2004-03-21-0600;-28.37662337662337;-41.70454545454546;12.272727272727266;11.176948051948045;-0.00045228163503494386;0.0;24.16214942932129
2004-03-21-0700;-28.59577922077922;-42.25243506493507;12.56493506493507;12.272727272727266;-0.00047853148142179856;0.0;24.81759262084961
2004-03-21-0800;-28.49256062908247;-39.80316598541428;12.904463622550509;15.13201984310983;-0.0004843845986470004;0.0;25.00072479248047
2004-03-21-0900;-28.14700658382519;-40.87839491494648;13.134839627999611;16.514564444560932;-0.00041688539583679854;0.0;25.18215560913086
2004-03-21-1000;-28.85146103896104;-40.46266233766234;12.637987012987015;14.975649350649348;-0.0004534884076926227;0.0;25.0576171875
2004-03-21-1100;-29.180194805194805;-40.79139610389611;12.564935064935064;13.879870129870127;-0.0003507108116450632;0.0;28.043954849243164
2004-03-21-1200;-28.69649507388575;-40.36229260640788;14.662952940136293;14.279106004530632;-0.00036486939819407226;0.0;23.859054565429688
2004-03-21-1300;-28.24562592527481;-39.979526110045306;14.912892475253301;17.142139288564366;-0.0003907229820071015;0.0;25.58061981201172
2004-03-21-1400;-28.38471237129048;-40.13854491747243;14.512573221407102;16.125081357119;-0.00031746963926492313;0.0;25.298381805419922
2004-03-21-1500;-29.86806461552947;-39.92896500859264;12.90902726943149;15.060531814336741;-0.00041478514296323444;0.0;24.55167007446289
2004-03-21-1600;-30.42207792207792;-39.95129870129871;12.272727272727273;13.076298701298697;-0.00041823444908498504;0.0;27.377098083496094
2004-03-21-1700;-29.399350649350644;-39.43993506493507;13.587662337662337;16.14448051948051;-0.00038828207002166554;0.0;24.671751022338867
2004-03-21-1800;-29.58198051948052;-39.659090909090914;15.121753246753237;15.998376623376615;-0.00035958017775659023;0.0;25.971818923950195
2004-03-21-1900;-29.72808441558442;-39.54951298701299;15.56006493506493;17.532467532467535;-0.00031925343731349756;0.0;25.554183959960938
2004-03-21-2000;-29.874188311688307;-38.19805194805196;14.829545454545453;16.875;-0.000508969871892229;0.0;25.462215423583984
2004-03-21-2100;-30.709029023441364;-38.36003302928341;15.678717447083507;17.13899015048834;-0.0005637146406714032;0.0;25.662616729736328
2004-03-21-2200;-28.92451298701299;-40.53571428571429;12.199675324675326;12.491883116883116;-0.0005919623880597642;0.0;25.545900344848633
2004-03-21-2300;-29.859379642882477;-39.99993356050649;8.670057525159159;10.97184270882974;-0.0005389452637674886;0.0;26.832319259643555
2004-03-22-0000;-29.034090909090907;-39.33035714285715;10.811688311688314;13.295454545454533;-0.0005454602091400657;0.0;26.97857093811035
2004-03-22-0100;-29.58198051948052;-38.81899350649351;10.592532467532472;14.610389610389603;-0.0005039725585557614;0.0;26.736860275268555
2004-03-22-0200;-29.874188311688307;-39.03814935064936;9.423701298701303;14.902597402597394;-0.0003126829952414508;0.0;28.010318756103516
2004-03-22-0300;-30.385551948051948;-37.97889610389611;8.547077922077918;15.267857142857139;-0.00024173165549292222;0.0;28.97922706604004
2004-03-22-0400;-29.67228852669565;-38.16401209734776;8.825235398351488;14.81104723375509;-0.0002848712325208353;0.0;31.658445358276367
2004-03-22-0500;-30.385551948051944;-37.83279220779222;9.715909090909086;12.784090909090892;-0.0003175238008563992;0.0;33.428306579589844
2004-03-22-0600;-30.13320683505834;-38.80301480090964;8.591045692947745;14.113860781271285;-0.00037246911641981585;0.0;30.298294067382812
2004-03-22-0700;-29.90298787169392;-38.128131697743896;8.838074167323903;14.371477124257126;-0.0003387737155833197;0.0;28.52490997314453
2004-03-22-0800;-29.983766233766232;-37.90584415584416;8.620129870129873;16.144480519480524;-0.00027467812370795446;0.0;28.53181266784668
2004-03-22-0900;-28.96010265108993;-37.68205472365723;10.596736620983897;14.896861626600554;-0.0003176876457017909;0.0;28.24502944946289
2004-03-22-1000;-30.36272723859045;-35.901216910352304;8.531261356228804;16.063365977043418;-0.00026949754784225393;0.0;28.587783813476562
2004-03-22-1100;-29.58198051948052;-37.17532467532468;9.423701298701296;16.875;-0.00024278019328249093;0.0;29.91525650024414
2004-03-22-1200;-29.61850649350649;-37.17532467532468;10.957792207792203;15.706168831168824;-0.00028978602490755426;0.0;26.777156829833984
2004-03-22-1300;-29.50892857142857;-36.66396103896105;9.862012987012989;16.58279220779221;-0.00031016830119285157;0.0;25.58513641357422
2004-03-22-1400;-29.837662337662334;-35.86038961038962;10.227272727272727;16.4366883116883;-0.0003299695685241488;0.0;25.408483505249023
2004-03-22-1500;-30.531655844155843;-35.7508116883117;8.985389610389618;15.048701298701303;-0.0002996160530752576;0.0;25.115373611450195
2004-03-22-1600;-29.837662337662337;-36.15259740259741;9.496753246753244;14.245129870129858;-0.0004267775014848579;0.0;24.437576293945312
2004-03-22-1700;-30.787337662337663;-34.691558441558456;10.081168831168839;13.660714285714278;-0.00030369063965663453;0.0;23.214157104492188
2004-03-22-1800;-30.568181818181817;-34.14366883116884;10.081168831168831;15.048701298701303;-0.00028056749017419183;0.0;22.173442840576172
2004-03-22-1900;-30.62369948731331;-35.592064241508965;10.359606214703774;14.580186524397902;-0.0002312828350194245;0.0;22.102848052978516
2004-03-22-2000;-30.34902597402597;-35.05681818181819;9.788961038961034;13.222402597402606;-0.0002599033966339078;0.0;22.119264602661133
2004-03-22-2100;-30.63396078543932;-34.937617956845;11.220006846531192;13.832885153257621;-0.0002458735036852318;0.0;21.753150939941406
2004-03-22-2200;-29.1801948051948;-36.07954545454546;10.95779220779221;14.683441558441558;-0.0002452273053822501;0.0;21.505674362182617
2004-03-22-2300;-28.74188311688312;-35.969967532467535;12.126623376623378;14.610389610389607;-0.00029002253944934665;0.0;21.306806564331055
2004-03-23-0000;-30.02029220779221;-35.20292207792208;12.199675324675326;14.245129870129858;-0.0002739816581230599;0.0;20.630651473999023
2004-03-23-0100;-29.69155844155844;-35.42207792207793;12.272727272727273;16.14448051948051;-0.00028683791062952683;0.0;20.582609176635742
2004-03-23-0200;-29.98376623376623;-35.75081168831169;12.126623376623378;16.65584415584415;-0.0002655961806825054;0.0;20.690135955810547
2004-03-23-0300;-29.50892857142857;-35.78733766233767;11.907467532467535;16.436688311688314;-0.000331369795154932;0.0;21.326881408691406
2004-03-23-0400;-29.253246753246763;-36.40827922077923;12.418831168831165;13.733766233766232;-0.00036181265157206674;0.0;20.779441833496094
2004-03-23-0500;-29.36282467532467;-35.933441558441565;11.761363636363633;13.222402597402592;-0.00032595810120516464;0.0;20.29450035095215
2004-03-23-0600;-28.632305194805195;-37.06574675324676;12.784090909090914;14.025974025974008;-0.00030987628667593413;0.0;19.725238800048828
2004-03-23-0700;-29.070616883116884;-36.15259740259741;14.245129870129858;16.14448051948051;-0.0003265557138427154;0.0;18.92449188232422
2004-03-23-0800;-29.435876623376622;-36.992694805194816;13.952922077922079;16.071428571428555;-0.00028980702565943914;0.0;18.789730072021484
2004-03-23-0900;-28.88798701298701;-36.737012987013;14.172077922077918;15.121753246753244;-0.00025204487625065915;0.0;18.137001037597656
2004-03-23-1000;-28.67433068813245;-35.957731102022194;13.125519399045118;15.325327119555482;-0.00033881728906633716;0.0;18.387508392333984
2004-03-23-1100;-28.88798701298701;-37.17532467532469;11.83441558441558;13.660714285714278;-0.00034340010617598673;0.0;19.139944076538086
2004-03-23-1200;-28.09130527615737;-37.24198468288664;11.5874357383546;14.963907079332103;-0.00043133572867799964;0.0;21.476343154907227
2004-03-23-1300;-29.3262987012987;-37.06574675324676;12.272727272727273;13.441558441558442;-0.0004109500848232272;0.0;20.792312622070312
2004-03-23-1400;-29.06395919435526;-37.31288993176773;13.445163820138823;13.214675297507881;-0.00035471739905151254;0.0;21.05286979675293
2004-03-23-1500;-28.62327060321488;-37.55564040734599;11.743768752991464;12.51133533815431;-0.00048113298808424463;0.0;20.60917091369629
2004-03-23-1600;-28.40326047840636;-36.70771168595655;14.141637266808644;13.219356575495041;-0.0004565188857948233;0.0;21.437307357788086
2004-03-23-1700;-28.29173049520122;-37.8557440548303;12.98653998694158;15.36868637507878;-0.0004452651721249042;0.0;22.468585968017578
2004-03-23-1800;-28.44967532467533;-36.95616883116884;12.857142857142854;13.952922077922068;-0.00033964904504268895;0.0;21.0166072845459
2004-03-23-1900;-28.96103896103896;-37.83279220779221;11.25;13.952922077922082;-0.0004162181089644032;0.0;22.310237884521484
2004-03-23-2000;-28.668831168831165;-37.13879870129871;9.788961038961041;12.56493506493507;-0.0003839257251577713;0.0;22.384103775024414
2004-03-23-2100;-28.90744412829855;-37.3443289454487;10.39003956984648;12.725784899501875;-0.00035444457952311313;0.0;23.069438934326172
2004-03-23-2200;-29.394439729441157;-36.9368776721272;12.355661838212178;12.048688873287674;-0.000468566212152385;0.0;22.916963577270508
2004-03-23-2300;-29.513356700972253;-37.23879539758371;10.74206015679357;12.199911178072696;-0.0004442393840200985;0.0;22.929292678833008
2004-03-24-0000;-28.824836234283676;-37.73486123661759;11.508241177019734;12.122014039794124;-0.00030344602188662735;0.0;23.64480972290039
2004-03-24-0100;-29.564673698849983;-37.42635898312239;12.59922373454362;12.983346409377262;-0.0003202639530402156;0.0;25.359777450561523
2004-03-24-0200;-28.77278677148972;-37.944685769178086;11.899522786325832;12.206607245327788;-0.0003544413123887914;0.0;25.625980377197266
2004-03-24-0300;-28.462380197607303;-39.17752415297407;12.515622202459923;12.20849036927072;-0.0003197975812034867;0.0;25.718656539916992
2004-03-24-0400;-28.942642638384985;-38.6901699571731;9.895807284693397;10.96977086597795;-0.00031485314803583866;0.0;24.6417293548584
2004-03-24-0500;-28.559253246753247;-39.36688311688312;11.030844155844157;10.592532467532465;-0.0003903683069013701;0.0;25.480411529541016
2004-03-24-0600;-28.66883116883117;-38.05194805194806;11.54220779220779;10.73863636363636;-0.0003982276042064352;0.0;24.03917694091797
2004-03-24-0700;-28.522727272727277;-39.1112012987013;10.519480519480517;11.10389610389609;-0.00039742849797475753;0.0;24.509672164916992
2004-03-24-0800;-28.88798701298701;-38.89204545454546;11.25;11.54220779220779;-0.00041692641106680004;0.0;22.36710548400879
2004-03-24-0900;-29.107142857142847;-39.1112012987013;10.95779220779221;12.272727272727266;-0.00048688979272143744;0.0;22.203937530517578
2004-03-24-1000;-29.107142857142858;-38.745941558441565;11.542207792207797;12.857142857142847;-0.00047697340662698203;0.0;23.031015396118164
2004-03-24-1100;-28.44967532467532;-39.76866883116884;11.688311688311686;12.272727272727266;-0.000511750051717449;0.0;22.171981811523438
2004-03-24-1200;-28.303571428571423;-39.76866883116884;13.587662337662337;12.857142857142861;-0.0005227304146630243;0.0;22.068870544433594
2004-03-24-1300;-28.08441558441558;-39.69561688311689;12.857142857142861;13.003246753246756;-0.0004961311751055939;0.0;22.811826705932617
2004-03-24-1400;-27.90178571428571;-40.06087662337663;12.930194805194809;12.711038961038952;-0.0004465242404339541;0.0;23.242027282714844
2004-03-24-1500;-28.314047333720648;-39.86136491038112;11.13084296145312;14.66200693543135;-0.0004410987369162691;0.0;23.896745681762695
2004-03-24-1600;-27.64610389610389;-40.28003246753248;13.73376623376624;15.048701298701303;-0.00037074251378706364;0.0;24.966333389282227
2004-03-24-1700;-27.53652597402597;-40.68181818181819;13.514610389610382;13.076298701298697;-0.0004384228396062017;0.0;24.639039993286133
2004-03-24-1800;-27.828733766233764;-40.64529220779222;10.884740259740262;12.272727272727266;-0.0007390851082670315;0.0;24.07193946838379
2004-03-24-1900;-28.13954318881665;-38.73747222278584;13.139325535017058;14.52241243343991;-0.00043280411192812905;0.0;24.40423011779785
2004-03-24-2000;-27.93852756458577;-40.770958075134295;13.582193464585458;12.047482338643604;-0.0004690954534861382;0.0;25.533464431762695
2004-03-24-2100;-28.70535714285714;-40.2435064935065;12.199675324675326;11.469155844155836;-0.0004947635422472391;0.0;28.002601623535156
2004-03-24-2200;-27.94173720170564;-39.34708007077424;13.887115013882713;13.350044267489451;-0.00047964531508517654;0.0;27.882259368896484
2004-03-24-2300;-28.37662337662337;-39.73214285714286;11.6883116883117;12.637987012986997;-0.0003319259758417583;0.0;27.71037483215332
2004-03-25-0000;-28.15746753246753;-40.35308441558442;11.980519480519476;12.272727272727266;-0.00034550690190592287;0.0;25.911243438720703
