time;Lat;Lon;length;width;min_zeta_850;min_hgt_850;max_wind_850
2004-03-24-0100;-29.5;-38.5;15;15;-0.00016816460741702144;1466.332763671875;16.648298263549805
2004-03-24-0200;-29.5;-38.5;15;15;-0.00016439840789477298;1465.5950927734375;16.338523864746094
2004-03-24-0300;-29.25;-38.5;15;15;-0.00016417549536496361;1463.38037109375;16.34307289123535
2004-03-24-0400;-29.25;-38.75;15;15;-0.00016616745781837994;1460.427978515625;15.95934772491455
2004-03-24-0500;-29.5;-38.75;15;15;-0.00016654190688552927;1454.523193359375;15.666899681091309
2004-03-24-0600;-29.5;-38.75;15;15;-0.0001679437631310741;1451.57080078125;15.403548240661621
2004-03-24-0700;-29.5;-39.0;15;15;-0.00017086537761473275;1447.879150390625;15.346686363220215
2004-03-24-0800;-29.5;-39.0;15;15;-0.00017149610844827237;1450.09375;15.722973823547363
2004-03-24-0900;-29.25;-39.25;15;15;-0.0001727966305189994;1453.783935546875;15.85534954071045
2004-03-24-1000;-29.25;-39.25;15;15;-0.0001808854557487187;1453.046142578125;16.41117286682129
2004-03-24-1100;-29.25;-39.5;15;15;-0.00018391388521847208;1458.950927734375;16.146677017211914
2004-03-24-1200;-29.25;-39.5;15;15;-0.0001819802301626602;1460.427978515625;15.650506973266602
2004-03-24-1300;-29.25;-39.5;15;15;-0.00017977663059229513;1461.9033203125;15.126043319702148
2004-03-24-1400;-29.25;-39.75;15;15;-0.00018079694978794127;1464.857421875;14.914610862731934
2004-03-24-1500;-29.25;-39.75;15;15;-0.00018074927183701428;1461.9033203125;14.785630226135254
2004-03-24-1600;-29.25;-39.75;15;15;-0.00018168188138762342;1458.2132568359375;14.974395751953125
2004-03-24-1700;-29.25;-39.75;15;15;-0.00017959949509368945;1455.99853515625;15.06793212890625
2004-03-24-1800;-29.0;-39.75;15;15;-0.0001792321675406016;1457.4755859375;15.103569984436035
2004-03-24-1900;-29.0;-39.75;15;15;-0.00018203324935828918;1455.2608642578125;15.211044311523438
2004-03-24-2000;-29.0;-39.75;15;15;-0.00018298373444164648;1460.427978515625;15.212891578674316
2004-03-24-2100;-29.0;-39.75;15;15;-0.00018282534794556294;1461.1656494140625;15.291777610778809
2004-03-24-2200;-29.0;-39.75;15;15;-0.00018446794869142518;1460.427978515625;14.863773345947266
2004-03-24-2300;-29.0;-39.75;15;15;-0.000183186790574263;1463.38037109375;15.21295166015625
2004-03-25-0000;-28.75;-40.0;15;15;-0.00018386933767717797;1466.332763671875;15.576607704162598
2004-03-25-0100;-28.75;-40.0;15;15;-0.00018281650313903072;1463.38037109375;15.872142791748047
2004-03-25-0200;-28.75;-40.0;15;15;-0.00018182531419242226;1464.1180419921875;16.03969955444336
2004-03-25-0300;-28.75;-40.0;15;15;-0.0001794344011431547;1462.6427001953125;16.22801971435547
2004-03-25-0400;-28.75;-40.0;15;15;-0.00017721158373274997;1463.38037109375;16.301626205444336
2004-03-25-0500;-28.5;-40.25;15;15;-0.000174290046631621;1457.4755859375;16.37773323059082
2004-03-25-0600;-28.5;-40.25;15;15;-0.00017229976600850692;1457.4755859375;16.673925399780273
2004-03-25-0700;-28.5;-40.5;15;15;-0.0001685114284889434;1455.99853515625;16.2996883392334
2004-03-25-0800;-28.5;-40.5;15;15;-0.0001639760649889305;1458.2132568359375;15.53281307220459
2004-03-25-0900;-28.25;-40.75;15;15;-0.00016236084915191635;1460.427978515625;15.614093780517578
2004-03-25-1000;-28.5;-40.75;15;15;-0.00016754831712270535;1461.9033203125;17.02553367614746
2004-03-25-1100;-28.5;-40.75;15;15;-0.00016659146369427672;1466.332763671875;17.018753051757812
2004-03-25-1200;-28.5;-41.0;15;15;-0.00016477173811221731;1470.0244140625;16.620622634887695
2004-03-25-1300;-28.5;-41.0;15;15;-0.00016485747537537822;1470.76220703125;16.15804672241211
2004-03-25-1400;-28.5;-41.25;15;15;-0.00016545425729145745;1472.976806640625;16.179582595825195
2004-03-25-1500;-28.5;-41.25;15;15;-0.000165163212779167;1472.237548828125;16.31011390686035
2004-03-25-1600;-28.5;-41.25;15;15;-0.00016572413160985614;1471.4998779296875;16.232547760009766
2004-03-25-1700;-28.5;-41.25;15;15;-0.00016753502341310296;1469.28515625;16.10959243774414
2004-03-25-1800;-28.5;-41.5;15;15;-0.000170433454203934;1468.5474853515625;15.762468338012695
2004-03-25-1900;-28.5;-41.5;15;15;-0.000173287605881964;1465.5950927734375;16.090946197509766
2004-03-25-2000;-28.5;-41.75;15;15;-0.00017514800966367264;1472.237548828125;16.555343627929688
2004-03-25-2100;-28.5;-41.75;15;15;-0.00017454499073492617;1471.4998779296875;17.10683250427246
2004-03-25-2200;-28.5;-42.0;15;15;-0.00017447350397945227;1474.4522705078125;17.077468872070312
2004-03-25-2300;-28.5;-42.25;15;15;-0.00017255054527892758;1479.619384765625;17.132360458374023
2004-03-26-0000;-28.5;-42.25;15;15;-0.00017132492484951993;1479.619384765625;17.51568603515625
2004-03-26-0100;-28.5;-42.5;15;15;-0.00017194908236332367;1478.1439208984375;17.56884002685547
2004-03-26-0200;-28.5;-42.75;15;15;-0.0001710681852618134;1477.4046630859375;17.744800567626953
2004-03-26-0300;-28.5;-42.75;15;15;-0.0001686183995410137;1476.6669921875;17.89100456237793
2004-03-26-0400;-28.5;-43.0;15;15;-0.00016557257407334082;1473.714599609375;17.802404403686523
2004-03-26-0500;-28.5;-43.25;15;15;-0.00016399386108483806;1471.4998779296875;17.744056701660156
2004-03-26-0600;-28.5;-43.25;15;15;-0.0001611091908501366;1466.332763671875;17.494403839111328
2004-03-26-0700;-28.5;-43.5;15;15;-0.00015835666634604067;1463.38037109375;16.967065811157227
2004-03-26-0800;-28.5;-43.5;15;15;-0.00015877908603913922;1461.9033203125;16.695417404174805
2004-03-26-0900;-28.5;-43.75;15;15;-0.00015968628136491035;1464.1180419921875;16.628400802612305
2004-03-26-1000;-28.75;-43.75;15;15;-0.00016693489553700773;1466.332763671875;17.004121780395508
2004-03-26-1100;-28.75;-44.0;15;15;-0.00016932655012735166;1464.857421875;16.77606201171875
2004-03-26-1200;-28.75;-44.25;15;15;-0.00017142698836094758;1469.28515625;16.063034057617188
2004-03-26-1300;-28.75;-44.25;15;15;-0.00017094361726959596;1471.4998779296875;15.642189979553223
2004-03-26-1400;-28.75;-44.25;15;15;-0.00016849352336475442;1470.76220703125;15.30568790435791
2004-03-26-1500;-28.75;-44.25;15;15;-0.00016686448992233747;1470.76220703125;14.782438278198242
2004-03-26-1600;-28.75;-44.5;15;15;-0.00016820507282912166;1466.332763671875;14.187056541442871
2004-03-26-1700;-28.75;-44.5;15;15;-0.00017396853368206746;1461.9033203125;14.052146911621094
2004-03-26-1800;-28.75;-44.5;15;15;-0.00017977460475844374;1459.6903076171875;14.035987854003906
2004-03-26-1900;-28.75;-44.5;15;15;-0.00017958469979548574;1456.7379150390625;14.230013847351074
2004-03-26-2000;-28.75;-44.5;15;15;-0.000180052807693149;1456.7379150390625;14.788599014282227
2004-03-26-2100;-28.75;-44.75;15;15;-0.0001810440633205986;1454.523193359375;14.916521072387695
2004-03-26-2200;-28.75;-44.75;15;15;-0.00018773940683304303;1453.046142578125;15.636879920959473
2004-03-26-2300;-28.75;-45.0;15;15;-0.00018575318712560525;1458.2132568359375;15.788887977600098
2004-03-27-0000;-28.75;-45.0;15;15;-0.00018238188215950252;1462.6427001953125;15.92136001586914
2004-03-27-0100;-28.75;-45.0;15;15;-0.0001799843097741889;1460.427978515625;15.933308601379395
2004-03-27-0200;-28.75;-45.0;15;15;-0.00017595356268439372;1461.1656494140625;15.789719581604004
2004-03-27-0300;-28.75;-45.25;15;15;-0.0001758362486897634;1459.6903076171875;15.927449226379395
2004-03-27-0400;-28.75;-45.25;15;15;-0.00018186826764760575;1458.2132568359375;16.043411254882812
2004-03-27-0500;-28.75;-45.5;15;15;-0.00018376826234014517;1455.2608642578125;16.02225112915039
2004-03-27-0600;-28.75;-45.5;15;15;-0.0001825881600306817;1452.3084716796875;15.919325828552246
2004-03-27-0700;-28.75;-45.75;15;15;-0.0001794800474215;1450.09375;15.702149391174316
2004-03-27-0800;-29.0;-45.75;15;15;-0.00018193514331269362;1450.83154296875;15.166693687438965
2004-03-27-0900;-29.0;-45.75;15;15;-0.0001825308256895651;1454.523193359375;15.19897174835205
2004-03-27-1000;-29.25;-46.0;15;15;-0.00018471725934799971;1458.950927734375;15.323447227478027
2004-03-27-1100;-29.25;-46.0;15;15;-0.0001826512653805361;1461.1656494140625;15.131209373474121
2004-03-27-1200;-29.25;-46.25;15;15;-0.00018503019878734206;1465.5950927734375;15.171499252319336
2004-03-27-1300;-29.25;-46.25;15;15;-0.00018840736938160964;1468.5474853515625;15.591080665588379
2004-03-27-1400;-29.25;-46.5;15;15;-0.00018948712537591883;1467.0704345703125;16.051443099975586
2004-03-27-1500;-29.25;-46.5;15;15;-0.00018973745794358482;1466.332763671875;16.837451934814453
2004-03-27-1600;-29.25;-46.75;15;15;-0.00019130610983453445;1462.6427001953125;16.79137420654297
2004-03-27-1700;-29.5;-46.75;15;15;-0.00018970645774078857;1456.7379150390625;16.474470138549805
2004-03-27-1800;-29.5;-47.0;15;15;-0.00018890026317219577;1455.2608642578125;16.145292282104492
2004-03-27-1900;-29.25;-47.0;15;15;-0.00019180314090940856;1451.57080078125;16.000825881958008
2004-03-27-2000;-21.75;-54.5;15;15;-0.00018577527763014877;1454.523193359375;12.291123390197754
2004-03-27-2100;-20.0;-55.0;15;15;-4.19816099109518e-05;1481.8341064453125;9.609613418579102
2004-03-27-2200;-20.0;-55.0;15;15;-4.040700296893389e-05;1485.524169921875;9.11345386505127
2004-03-27-2300;-20.0;-55.0;15;15;-4.3506939913091734e-05;1489.9534912109375;8.287922859191895
2004-03-28-0000;-20.0;-55.0;15;15;-4.6671387951728604e-05;1493.6436767578125;7.553040504455566
2004-03-28-0100;-20.0;-55.0;15;15;-4.974221995995308e-05;1496.5960693359375;7.308183670043945
2004-03-28-0200;-20.0;-55.0;15;15;-4.767066759416143e-05;1492.9058837890625;7.702876567840576
2004-03-28-0300;-20.0;-55.0;15;15;-4.577150615641601e-05;1490.6912841796875;8.542051315307617
2004-03-28-0400;-20.0;-55.0;15;15;-5.1326926284222145e-05;1489.2158203125;8.61190128326416
2004-03-28-0500;-20.0;-55.0;15;15;-6.513554302054166e-05;1484.7864990234375;8.968152046203613
2004-03-28-0600;-20.0;-55.0;15;15;-7.007281200755874e-05;1483.3094482421875;9.2441987991333
2004-03-28-0700;-20.0;-55.0;15;15;-6.879371580382122e-05;1479.619384765625;9.654129028320312
2004-03-28-0800;-20.0;-55.0;15;15;-7.324743032507473e-05;1481.8341064453125;10.212967872619629
2004-03-28-0900;-20.0;-55.0;15;15;-6.996253971747319e-05;1489.2158203125;10.661259651184082
2004-03-28-1000;-20.0;-55.0;15;15;-6.013914271459579e-05;1490.6912841796875;11.471702575683594
2004-03-28-1100;-20.0;-55.0;15;15;-5.8400153496310155e-05;1493.6436767578125;11.419066429138184
2004-03-28-1200;-20.5;-55.0;15;15;-5.440394347133212e-05;1495.12060546875;13.44078254699707
2004-03-28-1300;-20.5;-55.0;15;15;-4.714501610405252e-05;1502.50244140625;12.947836875915527
2004-03-28-1400;-20.5;-55.0;15;15;-5.518135642278015e-05;1501.76318359375;12.407583236694336
2004-03-28-1500;-20.5;-55.0;15;15;-6.231103804109749e-05;1502.50244140625;12.005462646484375
2004-03-28-1600;-20.5;-55.0;15;15;-5.05544258066404e-05;1498.072998046875;11.372926712036133
2004-03-28-1700;-20.5;-55.0;15;15;-4.284325454915726e-05;1497.3353271484375;10.738540649414062
2004-03-28-1800;-20.5;-54.0;15;15;-4.01389835038548e-05;1490.6912841796875;9.715764999389648
2004-03-28-1900;-20.5;-54.0;15;15;-3.8486709897816486e-05;1491.4305419921875;8.19100570678711
2004-03-28-2000;-20.5;-54.0;15;15;-5.0284346532130805e-05;1491.4305419921875;7.300044536590576
2004-03-28-2100;-20.5;-54.0;15;15;-6.465356666700674e-05;1488.4765625;7.931091785430908
2004-03-28-2200;-26.75;-55.0;15;15;-6.28074813926413e-05;1494.3829345703125;15.015775680541992
2004-03-28-2300;-22.0;-54.5;15;15;-6.018841045310924e-05;1500.2877197265625;13.768223762512207
2004-03-29-0000;-21.75;-54.75;15;15;-5.9299783790258285e-05;1504.7171630859375;13.085895538330078
