time;Lat;Lon;length;width;min_zeta_850;min_hgt_850;max_wind_850
2004-03-24-0600;-29.314903259277344;-39.06305694580078;15;15;-0.00030266193603836874;1364.7279052734375;15.918353080749512
2004-03-24-0700;-29.314903259277344;-39.06305694580078;15;15;-0.0003041435317524765;1362.289794921875;16.628128051757812
2004-03-24-0800;-29.314903259277344;-39.06305694580078;15;15;-0.0003217174379361245;1363.3817138671875;16.93531036376953
2004-03-24-0900;-29.45913314819336;-39.42342376708984;15;15;-0.0003337192331990979;1365.6883544921875;16.530715942382812
2004-03-24-1000;-29.45913314819336;-39.42342376708984;15;15;-0.0003560107759294072;1371.9822998046875;16.18244171142578
2004-03-24-1100;-29.45913314819336;-39.42342376708984;15;15;-0.00033279121598415995;1372.9708251953125;16.132749557495117
2004-03-24-1200;-29.45913314819336;-39.42342376708984;15;15;-0.0003424337338948486;1370.1341552734375;16.58004379272461
2004-03-24-1300;-29.45913314819336;-39.42342376708984;15;15;-0.00034605371561992164;1366.7230224609375;16.563493728637695
2004-03-24-1400;-29.45913314819336;-39.42342376708984;15;15;-0.0003391257199198562;1375.16455078125;16.48847198486328
2004-03-24-1500;-29.387020111083984;-39.78377914428711;15;15;-0.0003555001197297397;1370.929443359375;16.397350311279297
2004-03-24-1600;-29.387020111083984;-39.78377914428711;15;15;-0.0003464481026963877;1368.8116455078125;16.512876510620117
2004-03-24-1700;-29.387020111083984;-39.78377914428711;15;15;-0.00034675496000602835;1365.836669921875;16.18937873840332
2004-03-24-1800;-29.387020111083984;-39.78377914428711;15;15;-0.00034527982897253416;1363.7884521484375;16.06075668334961
2004-03-24-1900;-29.387020111083984;-39.78377914428711;15;15;-0.00034076290674970233;1369.7874755859375;16.044923782348633
2004-03-24-2000;-29.387020111083984;-39.78377914428711;15;15;-0.0003515560060685885;1369.13427734375;16.592418670654297
2004-03-24-2100;-29.17067146301269;-40.28828048706055;15;15;-0.0003452821422351094;1348.15771484375;16.950788497924805
2004-03-24-2200;-29.17067146301269;-40.28828048706055;15;15;-0.00033504846890773107;1378.0843505859375;17.06484603881836
2004-03-24-2300;-29.17067146301269;-40.28828048706055;15;15;-0.00036066929887327366;1379.3736572265625;17.56937599182129
2004-03-25-0000;-29.17067146301269;-40.28828048706055;15;15;-0.00040486911086475464;1377.5645751953125;17.046586990356445
2004-03-25-0100;-29.17067146301269;-40.28828048706055;15;15;-0.0003616713481954332;1376.009765625;16.978853225708008
2004-03-25-0200;-29.17067146301269;-40.28828048706055;15;15;-0.0003561219497409238;1377.796142578125;17.221757888793945
2004-03-25-0300;-28.810094833374023;-40.79278945922852;15;15;-0.00038774949248497414;1361.806640625;17.76280975341797
2004-03-25-0400;-28.810094833374023;-40.79278945922852;15;15;-0.0004491010672722744;1370.804931640625;18.30925178527832
2004-03-25-0500;-28.810094833374023;-40.79278945922852;15;15;-0.00038134358114431336;1369.34619140625;18.82851219177246
2004-03-25-0600;-28.810094833374023;-40.79278945922852;15;15;-0.0003385786723388687;1366.5206298828125;19.170764923095703
2004-03-25-0700;-28.810094833374023;-40.79278945922852;15;15;-0.00035964216573158923;1368.87890625;19.240997314453125
2004-03-25-0800;-28.810094833374023;-40.79278945922852;15;15;-0.00035868690610589587;1367.82568359375;19.358291625976562
2004-03-25-0900;-28.810094833374023;-41.441436767578125;15;15;-0.0003889537716541156;1370.186279296875;18.923738479614258
2004-03-25-1000;-28.810094833374023;-41.441436767578125;15;15;-0.00042695208543217444;1374.01171875;18.843442916870117
2004-03-25-1100;-28.810094833374023;-41.441436767578125;15;15;-0.0003993339745601158;1374.798095703125;18.84607696533203
2004-03-25-1200;-28.810094833374023;-41.441436767578125;15;15;-0.00039662569266825387;1380.0020751953125;18.379356384277344
2004-03-25-1300;-28.810094833374023;-41.441436767578125;15;15;-0.00039668788840994647;1379.4010009765625;18.2808837890625
2004-03-25-1400;-28.810094833374023;-41.441436767578125;15;15;-0.00038319041896285675;1384.358642578125;18.00759506225586
2004-03-25-1500;-28.449520111083984;-41.65765380859375;15;15;-0.0003717461349232734;1368.262939453125;17.749483108520508
2004-03-25-1600;-28.449520111083984;-41.65765380859375;15;15;-0.00038094478332679067;1376.8011474609375;17.429410934448242
2004-03-25-1700;-28.449520111083984;-41.65765380859375;15;15;-0.0003868239446472968;1364.7203369140625;17.251134872436523
2004-03-25-1800;-28.449520111083984;-41.65765380859375;15;15;-0.00040571189058485196;1372.69189453125;17.17730140686035
2004-03-25-1900;-28.449520111083984;-41.65765380859375;15;15;-0.00039133112752773254;1373.04443359375;17.3391056060791
2004-03-25-2000;-28.449520111083984;-41.65765380859375;15;15;-0.0004122833218124394;1374.91552734375;17.8616943359375
2004-03-25-2100;-28.8822078704834;-42.37837600708008;15;15;-0.00044798596981102774;1373.8035888671875;18.794748306274414
2004-03-25-2200;-28.8822078704834;-42.37837600708008;15;15;-0.0004322147222543356;1375.689208984375;18.98939323425293
2004-03-25-2300;-28.8822078704834;-42.37837600708008;15;15;-0.0004501949942752294;1374.634033203125;19.783954620361328
2004-03-26-0000;-28.8822078704834;-42.37837600708008;15;15;-0.00044520830965622525;1380.8541259765625;19.845808029174805
2004-03-26-0100;-28.8822078704834;-42.37837600708008;15;15;-0.0004396398013703887;1380.656982421875;19.53435516357422
2004-03-26-0200;-28.8822078704834;-42.37837600708008;15;15;-0.0004908071288020241;1365.026611328125;20.765533447265625
2004-03-26-0300;-29.02644157409668;-43.09909439086914;15;15;-0.00048258382681887766;1373.3438720703125;22.23552131652832
2004-03-26-0400;-29.02644157409668;-43.09909439086914;15;15;-0.0005195677441000232;1368.09423828125;23.477296829223633
2004-03-26-0500;-29.02644157409668;-43.09909439086914;15;15;-0.0005764539914994036;1361.1357421875;22.346235275268555
2004-03-26-0600;-29.02644157409668;-43.09909439086914;15;15;-0.0006776671508491514;1357.8419189453125;22.009456634521484
2004-03-26-0700;-29.02644157409668;-43.09909439086914;15;15;-0.0007615859576227009;1356.9102783203125;20.910625457763672
2004-03-26-0800;-29.02644157409668;-43.09909439086914;15;15;-0.0007539552049560647;1348.540771484375;20.142074584960938
2004-03-26-0900;-29.387020111083984;-43.38738250732422;15;15;-0.0006498967724489568;1356.5247802734375;20.227874755859375
2004-03-26-1000;-29.387020111083984;-43.38738250732422;15;15;-0.0006536680886796371;1353.6541748046875;21.292619705200195
2004-03-26-1100;-29.387020111083984;-43.38738250732422;15;15;-0.0006617713160948709;1358.364013671875;22.0461483001709
2004-03-26-1200;-29.387020111083984;-43.38738250732422;15;15;-0.0008010385715053723;1358.8570556640625;21.477964401245117
2004-03-26-1300;-29.387020111083984;-43.38738250732422;15;15;-0.0006764020402735728;1358.609619140625;20.68833351135254
2004-03-26-1400;-29.387020111083984;-43.38738250732422;15;15;-0.0007835716841336205;1360.1146240234375;20.339815139770508
2004-03-26-1500;-29.81970977783203;-43.60359954833984;15;15;-0.0007160095905329863;1358.8223876953125;20.591022491455078
2004-03-26-1600;-29.81970977783203;-43.60359954833984;15;15;-0.0006647482176985402;1353.7894287109375;21.257131576538086
2004-03-26-1700;-29.81970977783203;-43.60359954833984;15;15;-0.000705096020239154;1347.904541015625;22.732376098632812
2004-03-26-1800;-29.81970977783203;-43.60359954833984;15;15;-0.0007679634798285571;1343.420166015625;23.67669105529785
2004-03-26-1900;-29.81970977783203;-43.60359954833984;15;15;-0.0007940898646497971;1343.0133056640625;21.105289459228516
2004-03-26-2000;-29.81970977783203;-43.60359954833984;15;15;-0.000765649086891162;1345.7296142578125;20.63664436340332
2004-03-26-2100;-30.10817146301269;-44.18017959594727;15;15;-0.0007905512512729005;1332.135009765625;21.473543167114258
2004-03-26-2200;-30.10817146301269;-44.18017959594727;15;15;-0.0007275828888688085;1345.0081787109375;20.549053192138672
2004-03-26-2300;-30.10817146301269;-44.18017959594727;15;15;-0.0007432160480766972;1345.9735107421875;21.433765411376953
2004-03-27-0000;-30.10817146301269;-44.18017959594727;15;15;-0.0007722680208669561;1344.78173828125;21.9251766204834
2004-03-27-0100;-30.10817146301269;-44.18017959594727;15;15;-0.000757969305397736;1349.022705078125;22.004146575927734
2004-03-27-0200;-30.10817146301269;-44.18017959594727;15;15;-0.000817050937304959;1344.5770263671875;22.482952117919922
2004-03-27-0300;-30.468748092651367;-44.75675582885742;15;15;-0.0007146627049345857;1339.4844970703125;21.912811279296875
2004-03-27-0400;-30.468748092651367;-44.75675582885742;15;15;-0.0008307770538924918;1343.5550537109375;23.84726905822754
2004-03-27-0500;-30.468748092651367;-44.75675582885742;15;15;-0.000813787516794335;1338.4462890625;24.78848648071289
2004-03-27-0600;-30.468748092651367;-44.75675582885742;15;15;-0.0007936875486921111;1335.6429443359375;24.57626724243164
2004-03-27-0700;-30.468748092651367;-44.75675582885742;15;15;-0.0007898734636182956;1333.0040283203125;22.60155487060547
2004-03-27-0800;-30.468748092651367;-44.75675582885742;15;15;-0.0008150329120723888;1330.5186767578125;21.99097442626953
2004-03-27-0900;-30.468748092651367;-45.26125717163086;15;15;-0.0008253055083894559;1332.617431640625;23.536380767822266
2004-03-27-1000;-30.468748092651367;-45.26125717163086;15;15;-0.0008630475745268026;1332.81982421875;23.880401611328125
2004-03-27-1100;-30.468748092651367;-45.26125717163086;15;15;-0.0009215907116124081;1332.3604736328125;26.38483238220215
2004-03-27-1200;-30.468748092651367;-45.26125717163086;15;15;-0.000952206742427692;1331.66943359375;26.646875381469727
2004-03-27-1300;-30.468748092651367;-45.26125717163086;15;15;-0.0009375863490052068;1329.1988525390625;27.790807723999023
2004-03-27-1400;-30.468748092651367;-45.26125717163086;15;15;-0.001036119704147281;1329.0281982421875;27.340774536132812
2004-03-27-1500;-30.540864944458008;-45.837833404541016;15;15;-0.0010255707417105861;1324.52880859375;26.91437530517578
2004-03-27-1600;-30.540864944458008;-45.837833404541016;15;15;-0.0010287964717956974;1316.51416015625;26.585298538208008
2004-03-27-1700;-30.540864944458008;-45.837833404541016;15;15;-0.001299845120093728;1313.8338623046875;26.588939666748047
2004-03-27-1800;-30.540864944458008;-45.837833404541016;15;15;-0.0011432530337208474;1308.0784912109375;28.466571807861328
2004-03-27-1900;-30.540864944458008;-45.837833404541016;15;15;-0.0010532568459773925;1307.33984375;26.20928955078125
2004-03-27-2000;-30.540864944458008;-45.837833404541016;15;15;-0.0012973940293285503;1310.3062744140625;26.760135650634766
2004-03-27-2100;-30.612977981567383;-45.90990829467773;15;15;-0.0010597340886483097;1311.18798828125;25.637378692626953
2004-03-27-2200;-30.612977981567383;-45.90990829467773;15;15;-0.0010945281266644426;1299.6473388671875;24.823135375976562
2004-03-27-2300;-30.612977981567383;-45.90990829467773;15;15;-0.0011427886348724281;1315.26611328125;23.551103591918945
2004-03-28-0000;-30.612977981567383;-45.90990829467773;15;15;-0.0010369315551187412;1317.7532958984375;26.31698226928711
2004-03-28-0100;-30.612977981567383;-45.90990829467773;15;15;-0.0010906740607612342;1318.311279296875;26.749114990234375
2004-03-28-0200;-30.612977981567383;-45.90990829467773;15;15;-0.0011919226344316348;1314.909912109375;26.280879974365234
2004-03-28-0300;-30.90144157409668;-46.34233856201172;15;15;-0.0009581519519588899;1312.5487060546875;26.107074737548828
2004-03-28-0400;-30.90144157409668;-46.34233856201172;15;15;-0.0012082933792451976;1316.662109375;27.66895294189453
2004-03-28-0500;-30.90144157409668;-46.34233856201172;15;15;-0.0011559510261491606;1309.94580078125;32.06874084472656
2004-03-28-0600;-30.90144157409668;-46.34233856201172;15;15;-0.0011132139362975734;1299.0264892578125;31.88344955444336
2004-03-28-0700;-30.90144157409668;-46.34233856201172;15;15;-0.0014096489760674143;1294.4033203125;31.496118545532227
2004-03-28-0800;-30.90144157409668;-46.34233856201172;15;15;-0.0012093315724608876;1293.725830078125;28.588760375976562
2004-03-28-0900;-31.117786407470703;-46.19819641113281;15;15;-0.0013652205305100234;1296.635986328125;31.79315757751465
2004-03-28-1000;-31.117786407470703;-46.19819641113281;15;15;-0.0013845636844729793;1295.36474609375;31.505157470703125
2004-03-28-1100;-31.117786407470703;-46.19819641113281;15;15;-0.0013493874679028598;1293.118408203125;31.269758224487305
2004-03-28-1200;-31.117786407470703;-46.19819641113281;15;15;-0.0014003026604764415;1293.43505859375;31.838056564331055
2004-03-28-1300;-31.117786407470703;-46.19819641113281;15;15;-0.001308926866935145;1292.530517578125;32.947837829589844
2004-03-28-1400;-31.117786407470703;-46.19819641113281;15;15;-0.0014714092044008794;1291.543212890625;31.73123550415039
2004-03-28-1500;-31.33413314819336;-46.19819641113281;15;15;-0.0012960552561313108;1287.4888916015625;33.04008102416992
2004-03-28-1600;-31.33413314819336;-46.19819641113281;15;15;-0.0016478019329149544;1281.517822265625;33.89826965332031
2004-03-28-1700;-31.33413314819336;-46.19819641113281;15;15;-0.0013747983112948063;1277.7037353515625;31.10594367980957
2004-03-28-1800;-31.33413314819336;-46.19819641113281;15;15;-0.0014606731553776602;1271.2774658203125;30.292116165161133
