time;Lat;Lon;length;width;min_zeta_850;min_hgt_850;max_wind_850
2004-03-21-0100;-26.27543424317617;-40.31038047973532;11.761786600496276;15.747725392886679;-0.00042092043266785226;0.0;27.828998565673828
2004-03-21-0200;-27.647642679900738;-40.01633581472291;11.631100082712983;16.074441687344912;-0.00045906442454475224;0.0;27.421916961669922
2004-03-21-0300;-27.28825475599669;-39.39557485525228;11.043010752688165;17.18527708850289;-0.0005418637792103771;0.0;32.0899658203125
2004-03-21-0400;-28.13771712158809;-40.212365591397855;11.565756823821342;17.511993382961126;-0.0007037491254567056;0.0;37.19886016845703
2004-03-21-0500;-28.235732009925556;-39.72229114971051;12.415219189412735;18.230769230769226;-0.0006516605504715234;0.0;31.683712005615234
2004-03-21-0600;-28.725806451612897;-39.2975599669148;13.656741108354012;20.12572373862696;-0.0003991829772999466;0.0;26.22227668762207
2004-03-21-0700;-29.052522746071126;-39.82030603804797;13.003308519437553;18.426799007444163;-0.0005170076342151966;0.0;28.59639549255371
2004-03-21-0800;-29.248552522746067;-39.26488833746898;16.66253101736973;20.191066997518604;-0.0005349438118195777;0.0;30.40879249572754
2004-03-21-0900;-27.94168734491315;-40.37572373862697;15.61703887510339;19.406947890818856;-0.0007140310459580739;0.0;30.22132682800293
2004-03-21-1000;-29.08519437551695;-39.59160463192721;17.511993382961123;17.577336641852778;-0.0005045403815836828;0.0;28.74791717529297
2004-03-21-1100;-28.627791563275427;-39.88564929693962;16.07444168734491;18.42679900744417;-0.00038082521082496794;0.0;30.08199119567871
2004-03-21-1200;-28.660463192721245;-39.39557485525228;17.446650124069475;20.321753515301907;-0.00042014617860009477;0.0;31.68050765991211
2004-03-21-1300;-29.653678575499296;-38.87282878411911;17.773366418527708;22.15136476426798;-0.00034251756166735783;0.0;32.63562774658203
2004-03-21-1400;-28.856492969396196;-39.5589330024814;18.753515301902404;22.60876757650952;-0.0003093419939951928;0.0;30.54953956604004
2004-03-21-1500;-29.477253928866823;-39.06885856079405;18.165425971877568;22.020678246484692;-0.0003366943463209912;0.0;29.63930320739746
2004-03-21-1600;-30.62076095947063;-39.33023159636063;16.13978494623656;19.276261373035567;-0.00038887093828785034;0.0;33.616920471191406
2004-03-21-1700;-30.06397575780063;-38.74214226633582;15.94375516956162;19.145574855252278;-0.0003243163859757818;0.0;30.857799530029297
2004-03-21-1800;-31.339536807278737;-38.80748552522746;13.526054590570716;16.923904052936308;-0.00039590985122506586;0.0;29.642667770385742
2004-03-21-1900;-30.882133995037215;-38.44809760132341;15.355665839536801;18.296112489660885;-0.0004611311169683587;0.0;29.848560333251953
2004-03-21-2000;-31.437551695616207;-38.25206782464847;14.375516956162116;16.727874276261375;-0.0005026682472227305;0.0;30.62725257873535
2004-03-21-2100;-31.176178660049622;-37.69665012406948;15.421009098428456;20.452440033085193;-0.0005517441252414397;0.0;28.991256713867188
2004-03-21-2200;-31.731596360628615;-37.990694789081886;14.571546732837053;17.381306865177834;-0.0006291111251921852;0.0;28.954700469970703
2004-03-21-2300;-32.58105872622001;-36.977874276261375;13.918114143920594;17.96939619520265;-0.0005193582810514599;0.0;28.14038848876953
2004-03-22-0000;-31.741545204602595;-38.38275434243177;14.114143920595538;16.335814722911497;-0.00039406687388597226;0.0;29.467445373535156
2004-03-22-0100;-31.40488006617038;-37.990694789081886;15.486352357320094;17.119933829611252;-0.0003624111657293898;0.0;28.0627498626709
2004-03-22-0200;-31.27419354838709;-38.44809760132341;14.310173697270471;17.64267990074441;-0.0004724727604348524;0.0;28.290428161621094
2004-03-22-0300;-30.228701406120752;-39.1342018196857;15.355665839536805;15.878411910669978;-0.00046886557908593833;0.0;29.031278610229492
2004-03-22-0400;-30.751447477253926;-38.480769230769226;15.094292803970216;16.531844499586438;-0.0004905485753839539;0.0;29.707717895507812
2004-03-22-0500;-31.110835401157978;-38.644127377998345;15.159636062861864;16.466501240694782;-0.00045981128470987516;0.0;31.108978271484375
2004-03-22-0600;-30.130686517783285;-38.513440860215056;15.551695616211738;16.597187758478075;-0.00041264631569365006;0.0;30.154827117919922
2004-03-22-0700;-30.953601572967177;-38.513440860215056;15.42100909842845;15.028949545078575;-0.0004934513955751862;0.0;31.716276168823242
2004-03-22-0800;-30.5244331469967;-38.28473945409429;14.767576509511997;15.878411910669968;-0.0005666769112554989;0.0;30.578725814819336
2004-03-22-0900;-30.846281646244652;-37.10856079404466;13.656741108354005;17.969396195202638;-0.0004354761464246799;0.0;30.964597702026367
2004-03-22-1000;-31.176178660049622;-37.20657568238214;12.153846153846146;15.682382133995034;-0.00032649803996517927;0.0;31.039779663085938
2004-03-22-1100;-30.424731182795696;-37.95802315963606;11.957816377171213;15.09429280397022;-0.0004253630265480499;0.0;31.24772071838379
2004-03-22-1200;-31.568238213399496;-35.40963606286187;12.28453267162945;16.923904052936308;-0.00032539859743491926;0.0;34.31863784790039
2004-03-22-1300;-31.1435070306038;-37.3045905707196;13.787427626137301;16.531844499586427;-0.0003580250367037612;0.0;38.77826690673828
2004-03-22-1400;-30.858591814690286;-36.36195896783643;13.94353107057034;17.790022400382863;-0.00032746109589950256;0.0;36.436336517333984
2004-03-22-1500;-30.39205955334987;-37.0105459057072;13.199338296112494;16.074441687344915;-0.00035647701734636524;0.0;36.15559387207031
2004-03-22-1600;-30.72143306520796;-36.66414191334532;13.535458461520758;16.9021460991579;-0.00031288802576134194;0.0;37.295345306396484
2004-03-22-1700;-30.816790736145567;-36.814516129032256;14.179487179487175;17.64267990074441;-0.00028793033741836987;0.0;35.40264892578125
2004-03-22-1800;-30.71115091163947;-35.89971050454922;13.199338296112487;16.466501240694786;-0.0002926052462125543;0.0;33.07097625732422
2004-03-22-1900;-30.980148883374685;-34.91956162117452;13.330024813895783;17.511993382961123;-0.0003606598032753823;0.0;27.761089324951172
2004-03-22-2000;-30.88213399503721;-36.42245657568238;13.395368072787427;15.551695616211745;-0.0003345594376571534;0.0;24.621450424194336
2004-03-22-2100;-30.55541770057899;-35.703680727874286;14.048800661703886;15.290322580645157;-0.00030142116254261366;0.0;22.95328712463379
2004-03-22-2200;-30.196029776674933;-36.09574028122415;12.676592224979316;16.074441687344912;-0.00030376733523635607;0.0;22.88715934753418
2004-03-22-2300;-30.49007444168734;-35.76902398676593;13.133995037220842;15.421009098428446;-0.00031266798604609133;0.0;24.062091827392578
2004-03-23-0000;-30.39544699421617;-35.180934656741115;13.460711331679072;15.290322580645157;-0.0003230667970591046;0.0;23.18147087097168
