time;Lat;Lon;length;width;min_zeta_850;min_hgt_850;max_wind_850
2004-03-21-0100;-26.27543424317617;-40.31038047973532;11.761786600496272;15.74772539288668;-0.0001190606939556;0.0;20.488147735595703
2004-03-21-0200;-27.647642679900738;-40.01633581472291;11.631100082712983;16.07444168734491;-0.0001229478835837;0.0;21.06491470336914
2004-03-21-0300;-27.28825475599669;-39.39557485525228;11.043010752688168;17.185277088502893;-0.0001249642188102;0.0;20.770252227783203
2004-03-21-0400;-28.13771712158809;-40.212365591397855;11.56575682382134;17.51199338296113;-0.000125033563058;0.0;20.173587799072266
2004-03-21-0500;-28.23573200992556;-39.72229114971051;12.415219189412738;18.230769230769223;-0.0001465165578028;0.0;20.476741790771484
2004-03-21-0600;-28.725806451612897;-39.2975599669148;13.656741108354012;20.12572373862696;-0.0001463037258852;0.0;21.34891891479492
2004-03-21-0700;-29.052522746071126;-39.82030603804797;13.003308519437551;18.426799007444167;-0.0001592521548653;0.0;22.08409309387207
2004-03-21-0800;-29.248552522746067;-39.26488833746898;16.66253101736973;20.191066997518604;-0.0001803782165331;0.0;22.96413230895996
2004-03-21-0900;-27.94168734491315;-40.37572373862697;15.61703887510339;19.406947890818856;-0.0001835573292149;0.0;23.25467872619629
2004-03-21-1000;-29.08519437551695;-39.59160463192721;17.511993382961123;17.577336641852774;-0.0001821109460281;0.0;23.47955322265625
2004-03-21-1100;-28.627791563275427;-39.88564929693962;16.07444168734491;18.426799007444167;-0.0001661919630843;0.0;24.627531051635746
2004-03-21-1200;-28.66046319272125;-39.39557485525228;17.44665012406948;20.321753515301907;-0.0001418704848802;0.0;25.19893264770508
2004-03-21-1300;-29.653678575499296;-38.87282878411911;17.773366418527708;22.15136476426798;-0.0001389755525236;0.0;25.484394073486328
2004-03-21-1400;-28.856492969396196;-39.5589330024814;18.7535153019024;22.608767576509518;-0.0001382807500012;0.0;25.96504020690918
2004-03-21-1500;-29.477253928866823;-39.06885856079405;18.16542597187757;22.02067824648469;-0.0001193726333703;0.0;25.298681259155277
2004-03-21-1600;-30.62076095947063;-39.33023159636063;16.13978494623656;19.276261373035567;-0.0001124649838242;0.0;24.11513900756836
2004-03-21-1700;-30.06397575780063;-38.74214226633582;15.94375516956162;19.14557485525228;-0.0001033990741357;0.0;23.31553649902344
2004-03-21-1800;-31.339536807278737;-38.80748552522746;13.526054590570716;16.923904052936308;-0.000104369731198;0.0;23.26896095275879
2004-03-21-1900;-30.88213399503721;-38.44809760132341;15.355665839536798;18.29611248966088;-0.0001044217420225;0.0;23.427574157714844
2004-03-21-2000;-31.437551695616207;-38.25206782464847;14.375516956162116;16.727874276261375;-0.0001101750779101;0.0;24.10774803161621
2004-03-21-2100;-31.176178660049622;-37.69665012406948;15.421009098428456;20.45244003308519;-0.0001161085961066;0.0;24.767972946166992
2004-03-21-2200;-31.73159636062861;-37.990694789081886;14.571546732837051;17.381306865177834;-0.0001159683463262;0.0;24.92280960083008
2004-03-21-2300;-32.58105872622001;-36.977874276261375;13.918114143920596;17.96939619520265;-0.0001159000623332;0.0;24.787097930908203
2004-03-22-0000;-31.741545204602595;-38.38275434243177;14.11414392059554;16.3358147229115;-0.0001299598671375;0.0;24.92173385620117
2004-03-22-0100;-31.40488006617038;-37.990694789081886;15.486352357320094;17.11993382961125;-0.0001353935434487;0.0;25.488773345947266
2004-03-22-0200;-31.27419354838709;-38.44809760132341;14.310173697270468;17.64267990074441;-0.0001555564484049;0.0;26.546056747436523
2004-03-22-0300;-30.228701406120752;-39.1342018196857;15.355665839536805;15.878411910669977;-0.0001087328620555;0.0;28.332738876342773
2004-03-22-0400;-30.75144747725393;-38.480769230769226;15.09429280397022;16.531844499586434;-0.0001099332340889;0.0;29.792266845703125
2004-03-22-0500;-31.110835401157978;-38.644127377998345;15.159636062861864;16.466501240694782;-0.000112751758267;0.0;30.314695358276367
2004-03-22-0600;-30.130686517783285;-38.513440860215056;15.551695616211738;16.59718775847808;-0.0001140212826923;0.0;30.60848426818848
2004-03-22-0700;-30.953601572967177;-38.513440860215056;15.42100909842845;15.028949545078577;-0.0001265397330265;0.0;30.9974365234375
2004-03-22-0800;-30.5244331469967;-38.28473945409429;14.767576509511995;15.878411910669968;-0.0001271346040759;0.0;31.290058135986328
2004-03-22-0900;-30.846281646244652;-37.10856079404466;13.656741108354009;17.96939619520264;-0.0001317417144122;0.0;32.192588806152344
2004-03-22-1000;-31.176178660049622;-37.20657568238214;12.15384615384615;15.682382133995034;-0.0002060634009831;0.0;37.43352508544922
2004-03-22-1100;-30.424731182795696;-37.95802315963606;11.957816377171216;15.09429280397022;-0.0002243028883948;0.0;38.50937271118164
2004-03-22-1200;-31.568238213399496;-35.40963606286187;12.284532671629446;16.923904052936308;-0.0002187752220104;0.0;39.15859222412109
2004-03-22-1300;-31.1435070306038;-37.3045905707196;13.7874276261373;16.531844499586427;-0.0002093297390017;0.0;39.273704528808594
2004-03-22-1400;-30.85859181469029;-36.36195896783643;13.943531070570344;17.79002240038286;-0.0001507295066697;0.0;40.27027893066406
2004-03-22-1500;-30.39205955334987;-37.0105459057072;13.199338296112494;16.074441687344915;-0.000117631065297;0.0;43.31448745727539
2004-03-22-1600;-30.72143306520796;-36.66414191334532;13.535458461520754;16.902146099157896;-0.0001415385781945;0.0;44.99216842651367
2004-03-22-1700;-30.816790736145567;-36.814516129032256;14.179487179487175;17.64267990074441;-0.0001352635227554;0.0;44.78529739379883
2004-03-22-1800;-30.71115091163947;-35.89971050454922;13.199338296112488;16.46650124069479;-8.883852515391825e-05;0.0;41.406471252441406
2004-03-22-1900;-30.980148883374685;-34.91956162117452;13.330024813895784;17.511993382961123;-7.801882138379316e-05;0.0;34.744258880615234
2004-03-22-2000;-30.88213399503721;-36.42245657568238;13.39536807278743;15.551695616211743;-7.680461272251027e-05;0.0;30.033823013305664
2004-03-22-2100;-30.55541770057899;-35.703680727874286;14.048800661703886;15.29032258064516;-7.348529758626251e-05;0.0;29.1064567565918
2004-03-22-2200;-30.196029776674933;-36.09574028122415;12.676592224979316;16.07444168734491;-7.380216085829627e-05;0.0;27.10985565185547
2004-03-22-2300;-30.49007444168734;-35.76902398676593;13.133995037220842;15.42100909842845;-9.776929062388758e-05;0.0;27.685523986816406
2004-03-23-0000;-30.39544699421617;-35.180934656741115;13.460711331679068;15.29032258064516;-9.65947420592543e-05;0.0;28.33609962463379
