time;Lat;Lon;length;width;min_zeta_850;min_hgt_850;max_wind_850
2004-03-21-0100;-26.27543424317617;-40.31038047973532;11.761786600496276;15.747725392886679;-0.0003972566740334779;0.0;26.764368057250977
2004-03-21-0200;-27.647642679900738;-40.01633581472291;11.631100082712983;16.074441687344912;-0.0003752421613523539;0.0;26.528079986572266
2004-03-21-0300;-27.28825475599669;-39.39557485525228;11.043010752688165;17.18527708850289;-0.0005308826937743196;0.0;27.162872314453125
2004-03-21-0400;-28.13771712158809;-40.212365591397855;11.565756823821342;17.511993382961126;-0.0006217662606914476;0.0;26.48993682861328
2004-03-21-0500;-28.235732009925556;-39.72229114971051;12.415219189412735;18.230769230769226;-0.0005611659033125277;0.0;25.05447769165039
2004-03-21-0600;-28.725806451612897;-39.2975599669148;13.656741108354012;20.12572373862696;-0.00038673461952868775;0.0;25.005373001098633
2004-03-21-0700;-29.052522746071126;-39.82030603804797;13.003308519437553;18.426799007444163;-0.0004539017199973799;0.0;24.600120544433594
2004-03-21-0800;-29.248552522746067;-39.26488833746898;16.66253101736973;20.191066997518604;-0.00042168746242811963;0.0;24.693973541259766
2004-03-21-0900;-27.94168734491315;-40.37572373862697;15.61703887510339;19.406947890818856;-0.0003717947663294533;0.0;27.4070987701416
2004-03-21-1000;-29.08519437551695;-39.59160463192721;17.511993382961123;17.577336641852778;-0.00044169037283416096;0.0;26.449249267578125
2004-03-21-1100;-28.627791563275427;-39.88564929693962;16.07444168734491;18.42679900744417;-0.00048496373204633396;0.0;26.2921085357666
2004-03-21-1200;-28.660463192721245;-39.39557485525228;17.446650124069475;20.321753515301907;-0.00047844410491510375;0.0;25.697511672973633
2004-03-21-1300;-29.653678575499296;-38.87282878411911;17.773366418527708;22.15136476426798;-0.00036983381131974074;0.0;27.03367042541504
2004-03-21-1400;-28.856492969396196;-39.5589330024814;18.753515301902404;22.60876757650952;-0.00028984190244507325;0.0;25.210317611694336
2004-03-21-1500;-29.477253928866823;-39.06885856079405;18.165425971877568;22.020678246484692;-0.0003327344554144516;0.0;24.112445831298828
2004-03-21-1600;-30.62076095947063;-39.33023159636063;16.13978494623656;19.276261373035567;-0.00040083406261111484;0.0;23.56465721130371
2004-03-21-1700;-30.06397575780063;-38.74214226633582;15.94375516956162;19.145574855252278;-0.00033980362400572016;0.0;23.690820693969727
2004-03-21-1800;-31.339536807278737;-38.80748552522746;13.526054590570716;16.923904052936308;-0.00036969070528743294;0.0;25.203826904296875
2004-03-21-1900;-30.882133995037215;-38.44809760132341;15.355665839536801;18.296112489660885;-0.00041656972078385696;0.0;27.093843460083008
2004-03-21-2000;-31.437551695616207;-38.25206782464847;14.375516956162116;16.727874276261375;-0.0006155517828171227;0.0;28.061628341674805
2004-03-21-2100;-31.176178660049622;-37.69665012406948;15.421009098428456;20.452440033085193;-0.0005218267096789245;0.0;27.25562858581543
2004-03-21-2200;-31.731596360628615;-37.990694789081886;14.571546732837053;17.381306865177834;-0.0004267388892997017;0.0;27.025428771972656
2004-03-21-2300;-32.58105872622001;-36.977874276261375;13.918114143920594;17.96939619520265;-0.000454191514648768;0.0;27.708763122558594
2004-03-22-0000;-31.741545204602595;-38.38275434243177;14.114143920595538;16.335814722911497;-0.0004963269220541033;0.0;27.743427276611328
2004-03-22-0100;-31.40488006617038;-37.990694789081886;15.486352357320094;17.119933829611252;-0.0007169866472930962;0.0;28.997533798217773
2004-03-22-0200;-31.27419354838709;-38.44809760132341;14.310173697270471;17.64267990074441;-0.0005643079995845249;0.0;30.00741958618164
2004-03-22-0300;-30.228701406120752;-39.1342018196857;15.355665839536805;15.878411910669978;-0.0003711018830263463;0.0;29.919919967651367
2004-03-22-0400;-30.751447477253926;-38.480769230769226;15.094292803970216;16.531844499586438;-0.0004225235575135589;0.0;33.46343231201172
2004-03-22-0500;-31.110835401157978;-38.644127377998345;15.159636062861864;16.466501240694782;-0.00032576916707681186;0.0;31.948047637939453
2004-03-22-0600;-30.130686517783285;-38.513440860215056;15.551695616211738;16.597187758478075;-0.00038381318164840703;0.0;33.76563262939453
2004-03-22-0700;-30.953601572967177;-38.513440860215056;15.42100909842845;15.028949545078575;-0.00036565262841977667;0.0;34.122901916503906
2004-03-22-0800;-30.5244331469967;-38.28473945409429;14.767576509511997;15.878411910669968;-0.0004058413484542023;0.0;33.419368743896484
2004-03-22-0900;-30.846281646244652;-37.10856079404466;13.656741108354005;17.969396195202638;-0.0003794019889148863;0.0;33.46391677856445
2004-03-22-1000;-31.176178660049622;-37.20657568238214;12.153846153846146;15.682382133995034;-0.0004815750857042325;0.0;32.796756744384766
2004-03-22-1100;-30.424731182795696;-37.95802315963606;11.957816377171213;15.09429280397022;-0.0005256980745052347;0.0;34.20939254760742
2004-03-22-1200;-31.568238213399496;-35.40963606286187;12.28453267162945;16.923904052936308;-0.0005016294055143243;0.0;33.19144821166992
2004-03-22-1300;-31.1435070306038;-37.3045905707196;13.787427626137301;16.531844499586427;-0.0004408904160950044;0.0;32.55292892456055
2004-03-22-1400;-30.858591814690286;-36.36195896783643;13.94353107057034;17.790022400382863;-0.0004447198482369909;0.0;33.35934829711914
2004-03-22-1500;-30.39205955334987;-37.0105459057072;13.199338296112494;16.074441687344915;-0.0004075146167716642;0.0;33.68492126464844
2004-03-22-1600;-30.72143306520796;-36.66414191334532;13.535458461520758;16.9021460991579;-0.0004996474355007334;0.0;34.25954055786133
2004-03-22-1700;-30.816790736145567;-36.814516129032256;14.179487179487175;17.64267990074441;-0.00039617248988161024;0.0;33.99012756347656
2004-03-22-1800;-30.71115091163947;-35.89971050454922;13.199338296112487;16.466501240694786;-0.0003385258870114483;0.0;31.816621780395508
2004-03-22-1900;-30.980148883374685;-34.91956162117452;13.330024813895783;17.511993382961123;-0.0002698380599248843;0.0;26.637874603271484
2004-03-22-2000;-30.88213399503721;-36.42245657568238;13.395368072787427;15.551695616211745;-0.00025999065838705254;0.0;25.82898712158203
2004-03-22-2100;-30.55541770057899;-35.703680727874286;14.048800661703886;15.290322580645157;-0.00022326691160773842;0.0;23.320220947265625
2004-03-22-2200;-30.196029776674933;-36.09574028122415;12.676592224979316;16.074441687344912;-0.00023962624282081185;0.0;21.432540893554688
2004-03-22-2300;-30.49007444168734;-35.76902398676593;13.133995037220842;15.421009098428446;-0.0002970840602285122;0.0;21.256738662719727
2004-03-23-0000;-30.39544699421617;-35.180934656741115;13.460711331679072;15.290322580645157;-0.0002968732215466424;0.0;21.420345306396484
