time;Lat;Lon;length;width;min_zeta_850;min_hgt_850;max_wind_850
2004-03-21-0100;-27.13474025974026;-42.28896103896105;9.935064935064936;10.884740259740255;-0.00039631788912839226;0.0;26.629789352416992
2004-03-21-0200;-28.08441558441558;-42.36201298701299;10.519480519480524;10.300324675324674;-0.000376181248840636;0.0;26.585899353027344
2004-03-21-0300;-26.915584415584416;-42.471590909090914;9.058441558441565;10.081168831168824;-0.0005330852022120648;0.0;27.14653778076172
2004-03-21-0400;-27.901785714285715;-41.558441558441565;9.277597402597408;10.73863636363636;-0.0006063964245729481;0.0;26.475107192993164
2004-03-21-0500;-27.60957792207792;-42.106331168831176;11.469155844155843;12.272727272727266;-0.00048111268471418657;0.0;24.689838409423828
2004-03-21-0600;-28.37662337662337;-41.70454545454546;12.272727272727266;11.176948051948045;-0.0003950674850355746;0.0;24.981536865234375
2004-03-21-0700;-28.59577922077922;-42.25243506493507;12.56493506493507;12.272727272727266;-0.00045547502102340166;0.0;24.90778923034668
2004-03-21-0800;-28.49256062908247;-39.80316598541428;12.904463622550509;15.13201984310983;-0.00042034457790578856;0.0;24.787918090820312
2004-03-21-0900;-28.14700658382519;-40.87839491494648;13.134839627999611;16.514564444560932;-0.00035771770060588566;0.0;25.79311180114746
2004-03-21-1000;-28.85146103896104;-40.46266233766234;12.637987012987015;14.975649350649348;-0.0004040779426050146;0.0;26.336990356445312
2004-03-21-1100;-29.180194805194805;-40.79139610389611;12.564935064935064;13.879870129870127;-0.00044515916476294893;0.0;27.13226318359375
2004-03-21-1200;-28.69649507388575;-40.36229260640788;14.662952940136293;14.279106004530632;-0.000508517252141514;0.0;25.918302536010742
2004-03-21-1300;-28.24562592527481;-39.979526110045306;14.912892475253301;17.142139288564366;-0.0003822433047358204;0.0;24.090892791748047
2004-03-21-1400;-28.38471237129048;-40.13854491747243;14.512573221407102;16.125081357119;-0.00037748814783066545;0.0;25.490257263183594
2004-03-21-1500;-29.86806461552947;-39.92896500859264;12.90902726943149;15.060531814336741;-0.00037094080379137287;0.0;23.964689254760742
2004-03-21-1600;-30.42207792207792;-39.95129870129871;12.272727272727273;13.076298701298697;-0.000306774104710761;0.0;23.122474670410156
2004-03-21-1700;-29.399350649350644;-39.43993506493507;13.587662337662337;16.14448051948051;-0.000292831041473611;0.0;24.266735076904297
2004-03-21-1800;-29.58198051948052;-39.659090909090914;15.121753246753237;15.998376623376615;-0.00041906036856961685;0.0;26.206636428833008
2004-03-21-1900;-29.72808441558442;-39.54951298701299;15.56006493506493;17.532467532467535;-0.00045133423570758;0.0;27.409339904785156
2004-03-21-2000;-29.874188311688307;-38.19805194805196;14.829545454545453;16.875;-0.0004928144419018694;0.0;27.04578971862793
2004-03-21-2100;-30.709029023441364;-38.36003302928341;15.678717447083507;17.13899015048834;-0.0004907907308077403;0.0;26.424638748168945
2004-03-21-2200;-28.92451298701299;-40.53571428571429;12.199675324675326;12.491883116883116;-0.00046427175810431244;0.0;26.149864196777344
2004-03-21-2300;-29.859379642882477;-39.99993356050649;8.670057525159159;10.97184270882974;-0.0005091026517139145;0.0;26.53434944152832
2004-03-22-0000;-29.034090909090907;-39.33035714285715;10.811688311688314;13.295454545454533;-0.0006075864608559446;0.0;26.932262420654297
2004-03-22-0100;-29.58198051948052;-38.81899350649351;10.592532467532472;14.610389610389603;-0.00040472036464975035;0.0;28.615598678588867
2004-03-22-0200;-29.874188311688307;-39.03814935064936;9.423701298701303;14.902597402597394;-0.00046684132262586673;0.0;28.447885513305664
2004-03-22-0300;-30.385551948051948;-37.97889610389611;8.547077922077918;15.267857142857139;-0.0003878940824009925;0.0;31.13438606262207
2004-03-22-0400;-29.67228852669565;-38.16401209734776;8.825235398351488;14.81104723375509;-0.000480682516355959;0.0;29.861316680908203
2004-03-22-0500;-30.385551948051944;-37.83279220779222;9.715909090909086;12.784090909090892;-0.00044507414748015054;0.0;32.87408447265625
2004-03-22-0600;-30.13320683505834;-38.80301480090964;8.591045692947745;14.113860781271285;-0.0002593777669460231;0.0;29.954912185668945
2004-03-22-0700;-29.90298787169392;-38.128131697743896;8.838074167323903;14.371477124257126;-0.0002910459434370244;0.0;27.92548179626465
2004-03-22-0800;-29.983766233766232;-37.90584415584416;8.620129870129873;16.144480519480524;-0.00032258105357894543;0.0;28.7480411529541
2004-03-22-0900;-28.96010265108993;-37.68205472365723;10.596736620983897;14.896861626600554;-0.00039671985114295117;0.0;26.668546676635742
2004-03-22-1000;-30.36272723859045;-35.901216910352304;8.531261356228804;16.063365977043418;-0.0003471786822644799;0.0;27.13312339782715
2004-03-22-1100;-29.58198051948052;-37.17532467532468;9.423701298701296;16.875;-0.0002741284066812038;0.0;29.160545349121094
2004-03-22-1200;-29.61850649350649;-37.17532467532468;10.957792207792203;15.706168831168824;-0.00027782099488860696;0.0;27.48666763305664
2004-03-22-1300;-29.50892857142857;-36.66396103896105;9.862012987012989;16.58279220779221;-0.00030148703195961244;0.0;26.469532012939453
2004-03-22-1400;-29.837662337662334;-35.86038961038962;10.227272727272727;16.4366883116883;-0.00037563025587698134;0.0;26.056442260742188
2004-03-22-1500;-30.531655844155843;-35.7508116883117;8.985389610389618;15.048701298701303;-0.0002774005312227006;0.0;25.661935806274414
2004-03-22-1600;-29.837662337662337;-36.15259740259741;9.496753246753244;14.245129870129858;-0.00030437587334685774;0.0;24.70107078552246
2004-03-22-1700;-30.787337662337663;-34.691558441558456;10.081168831168839;13.660714285714278;-0.0002910953181170783;0.0;24.241191864013672
2004-03-22-1800;-30.568181818181817;-34.14366883116884;10.081168831168831;15.048701298701303;-0.00023530894556551918;0.0;23.180295944213867
2004-03-22-1900;-30.62369948731331;-35.592064241508965;10.359606214703774;14.580186524397902;-0.00018817536428235876;0.0;22.16338539123535
2004-03-22-2000;-30.34902597402597;-35.05681818181819;9.788961038961034;13.222402597402606;-0.00023616399515847826;0.0;21.5438175201416
2004-03-22-2100;-30.63396078543932;-34.937617956845;11.220006846531192;13.832885153257621;-0.00019666788985596187;0.0;20.546405792236328
2004-03-22-2200;-29.1801948051948;-36.07954545454546;10.95779220779221;14.683441558441558;-0.00026322299612502797;0.0;21.688060760498047
2004-03-22-2300;-28.74188311688312;-35.969967532467535;12.126623376623378;14.610389610389607;-0.00029548791048246285;0.0;21.40892219543457
2004-03-23-0000;-30.02029220779221;-35.20292207792208;12.199675324675326;14.245129870129858;-0.0002698718256384616;0.0;21.80048942565918
2004-03-23-0100;-29.69155844155844;-35.42207792207793;12.272727272727273;16.14448051948051;-0.0002388283350918011;0.0;21.78439712524414
2004-03-23-0200;-29.98376623376623;-35.75081168831169;12.126623376623378;16.65584415584415;-0.000291852069403683;0.0;21.19700050354004
2004-03-23-0300;-29.50892857142857;-35.78733766233767;11.907467532467535;16.436688311688314;-0.0003250232402777987;0.0;20.762588500976562
2004-03-23-0400;-29.253246753246763;-36.40827922077923;12.418831168831165;13.733766233766232;-0.0003231612461815722;0.0;20.218013763427734
2004-03-23-0500;-29.36282467532467;-35.933441558441565;11.761363636363633;13.222402597402592;-0.0003565958937507988;0.0;19.919498443603516
2004-03-23-0600;-28.632305194805195;-37.06574675324676;12.784090909090914;14.025974025974008;-0.0003332152758011793;0.0;19.209152221679688
2004-03-23-0700;-29.070616883116884;-36.15259740259741;14.245129870129858;16.14448051948051;-0.00034891839447625937;0.0;19.084550857543945
2004-03-23-0800;-29.435876623376622;-36.992694805194816;13.952922077922079;16.071428571428555;-0.0002822134207195263;0.0;19.07059097290039
2004-03-23-0900;-28.88798701298701;-36.737012987013;14.172077922077918;15.121753246753244;-0.00027257328112211796;0.0;18.160524368286133
2004-03-23-1000;-28.67433068813245;-35.957731102022194;13.125519399045118;15.325327119555482;-0.00030452307989905136;0.0;17.664148330688477
2004-03-23-1100;-28.88798701298701;-37.17532467532469;11.83441558441558;13.660714285714278;-0.0003999345463686923;0.0;17.1527156829834
2004-03-23-1200;-28.09130527615737;-37.24198468288664;11.5874357383546;14.963907079332103;-0.00042624782595316;0.0;17.608867645263672
2004-03-23-1300;-29.3262987012987;-37.06574675324676;12.272727272727273;13.441558441558442;-0.00038691489241366616;0.0;18.778026580810547
2004-03-23-1400;-29.06395919435526;-37.31288993176773;13.445163820138823;13.214675297507881;-0.00026206663330158834;0.0;18.346914291381836
2004-03-23-1500;-28.62327060321488;-37.55564040734599;11.743768752991464;12.51133533815431;-0.0002627023585238434;0.0;18.175098419189453
2004-03-23-1600;-28.40326047840636;-36.70771168595655;14.141637266808644;13.219356575495041;-0.00026657659320036776;0.0;18.54932403564453
2004-03-23-1700;-28.29173049520122;-37.8557440548303;12.98653998694158;15.36868637507878;-0.0002996264369112189;0.0;18.51369857788086
2004-03-23-1800;-28.44967532467533;-36.95616883116884;12.857142857142854;13.952922077922068;-0.0003768907488072648;0.0;19.733652114868164
2004-03-23-1900;-28.96103896103896;-37.83279220779221;11.25;13.952922077922082;-0.0002961175821499309;0.0;18.864959716796875
2004-03-23-2000;-28.668831168831165;-37.13879870129871;9.788961038961041;12.56493506493507;-0.0002957990364982763;0.0;19.38072967529297
2004-03-23-2100;-28.90744412829855;-37.3443289454487;10.39003956984648;12.725784899501875;-0.00032835646188089846;0.0;19.83379364013672
2004-03-23-2200;-29.394439729441157;-36.9368776721272;12.355661838212178;12.048688873287674;-0.0003696937761140293;0.0;20.6497859954834
2004-03-23-2300;-29.513356700972253;-37.23879539758371;10.74206015679357;12.199911178072696;-0.00039240930892520256;0.0;21.085710525512695
2004-03-24-0000;-28.824836234283676;-37.73486123661759;11.508241177019734;12.122014039794124;-0.000424371664631911;0.0;23.29534912109375
2004-03-24-0100;-29.564673698849983;-37.42635898312239;12.59922373454362;12.983346409377262;-0.00041761618004056063;0.0;25.40509605407715
2004-03-24-0200;-28.77278677148972;-37.944685769178086;11.899522786325832;12.206607245327788;-0.00033704375352498956;0.0;28.26740264892578
2004-03-24-0300;-28.462380197607303;-39.17752415297407;12.515622202459923;12.20849036927072;-0.0003366356609595009;0.0;26.637990951538086
2004-03-24-0400;-28.942642638384985;-38.6901699571731;9.895807284693397;10.96977086597795;-0.0003528547385778504;0.0;27.82569122314453
2004-03-24-0500;-28.559253246753247;-39.36688311688312;11.030844155844157;10.592532467532465;-0.0003982274475500632;0.0;29.79291343688965
2004-03-24-0600;-28.66883116883117;-38.05194805194806;11.54220779220779;10.73863636363636;-0.00044934167002993666;0.0;29.893653869628906
2004-03-24-0700;-28.522727272727277;-39.1112012987013;10.519480519480517;11.10389610389609;-0.0004595951517385345;0.0;28.46224021911621
2004-03-24-0800;-28.88798701298701;-38.89204545454546;11.25;11.54220779220779;-0.0004832183500788241;0.0;28.69675636291504
2004-03-24-0900;-29.107142857142847;-39.1112012987013;10.95779220779221;12.272727272727266;-0.0006228876482469424;0.0;28.032569885253906
2004-03-24-1000;-29.107142857142858;-38.745941558441565;11.542207792207797;12.857142857142847;-0.0005568621767720294;0.0;29.01919937133789
2004-03-24-1100;-28.44967532467532;-39.76866883116884;11.688311688311686;12.272727272727266;-0.0005046724306316197;0.0;25.63173484802246
2004-03-24-1200;-28.303571428571423;-39.76866883116884;13.587662337662337;12.857142857142861;-0.000479364144002897;0.0;24.46554183959961
2004-03-24-1300;-28.08441558441558;-39.69561688311689;12.857142857142861;13.003246753246756;-0.00043924283043655194;0.0;23.80767059326172
2004-03-24-1400;-27.90178571428571;-40.06087662337663;12.930194805194809;12.711038961038952;-0.0004604924897798886;0.0;22.470542907714844
2004-03-24-1500;-28.314047333720648;-39.86136491038112;11.13084296145312;14.66200693543135;-0.00042493588339272907;0.0;25.756305694580078
2004-03-24-1600;-27.64610389610389;-40.28003246753248;13.73376623376624;15.048701298701303;-0.0005039600387125927;0.0;26.06513786315918
2004-03-24-1700;-27.53652597402597;-40.68181818181819;13.514610389610382;13.076298701298697;-0.0004885267731902403;0.0;26.16031265258789
2004-03-24-1800;-27.828733766233764;-40.64529220779222;10.884740259740262;12.272727272727266;-0.0003693871788815944;0.0;25.584598541259766
2004-03-24-1900;-28.13954318881665;-38.73747222278584;13.139325535017058;14.52241243343991;-0.0004290561965673212;0.0;24.82929229736328
2004-03-24-2000;-27.93852756458577;-40.770958075134295;13.582193464585458;12.047482338643604;-0.00036254413928401647;0.0;23.520008087158203
2004-03-24-2100;-28.70535714285714;-40.2435064935065;12.199675324675326;11.469155844155836;-0.0003900660213980602;0.0;22.86638069152832
2004-03-24-2200;-27.94173720170564;-39.34708007077424;13.887115013882713;13.350044267489451;-0.0003584257782373773;0.0;23.413637161254883
2004-03-24-2300;-28.37662337662337;-39.73214285714286;11.6883116883117;12.637987012986997;-0.0004224149488677329;0.0;24.67744255065918
2004-03-25-0000;-28.15746753246753;-40.35308441558442;11.980519480519476;12.272727272727266;-0.0005278620485956548;0.0;25.22659683227539
